0.005902	-2.469543	2.392231	0.415608 0.909544 -0.716281 -0.697812
0.007314	-1.208721	-0.358063	-0.309130 0.951020 -0.993397 0.114723
0.010019	-1.576449	2.203237	-0.251396 -0.967884 -0.969893 -0.243533
0.013500	1.525306	0.000124	-0.698491 -0.715619 0.133742 0.991016
0.017020	-1.346024	2.764833	0.026245 -0.999656 0.068371 0.997660
0.021633	-1.019648	-0.807737	0.045474 0.998966 1.000000 0.000124
0.022294	1.142186	-2.369255	0.519932 0.854207 0.770191 0.637813
0.022398	-2.035735	2.158712	-0.294623 -0.955614 0.793064 -0.609138
0.029221	-2.344083	1.436653	-0.426842 -0.904326 0.965171 0.261618
0.037032	1.885075	3.026616	-0.917014 -0.398855 -0.977762 0.209718
0.046165	-2.011794	0.264699	-0.782547 -0.622591 -0.732124 0.681171
0.050646	-1.087236	2.372611	-0.010483 -0.999945 0.998816 -0.048645
0.051349	-1.544548	1.502372	0.222885 -0.974845 -0.929862 0.367909
0.054386	-1.155971	-0.667488	-0.514437 -0.857528 -0.898697 0.438570
0.058023	-2.111147	2.687586	-0.005653 -0.999984 -0.591115 0.806587
0.064630	-2.731325	2.930307	0.464934 -0.885345 -0.718619 0.695404
0.069808	1.024024	0.691655	-0.448368 -0.893849 -0.554628 0.832098
0.075224	-1.869857	-0.654974	0.354215 -0.935164 0.936577 -0.350461
0.161827	-1.581279	-0.048664	0.523666 -0.851924 0.691136 -0.722725
0.181609	-1.824918	-2.895586	0.403031 -0.915187 0.785379 -0.619015
